               -626.3755763886
          0.000001448      -0.000003138       0.000002628
         -0.000003138      -0.000002013       0.000002533
          0.000002628       0.000002533      -0.000003702
           9
  3    77      -0.012068541      -0.008939441       0.014331879  Ir
  3    77      -0.138241164      -0.011034818       0.058546794  Ir
  1     8       0.028675353      -0.021531972       0.016335832  O
  1     8       0.011627850      -0.008631278       0.008101352  O
  1     8       0.076539931       0.056914365      -0.078261664  O
  1     8       0.032594865      -0.004923978      -0.019062412  O
  1     8       0.010010880       0.019508575      -0.025674037  O
  2     1      -0.046677837      -0.009666145       0.017593867  H
  2     1       0.036853901      -0.010345589       0.007241649  H
