               -626.3785192722
          0.000002271      -0.000002045       0.000002521
         -0.000002045      -0.000001235       0.000002251
          0.000002521       0.000002251      -0.000003057
           9
  3    77      -0.003859264       0.000526472       0.009748731  Ir
  3    77      -0.126471569      -0.026843847       0.043404474  Ir
  1     8       0.018027879      -0.013455205       0.014713509  O
  1     8       0.013780283      -0.011512719       0.010794908  O
  1     8       0.071979736       0.057460725      -0.072159617  O
  1     8       0.025132481      -0.004841795      -0.007441268  O
  1     8       0.009140373       0.041176077      -0.036519961  O
  2     1      -0.061755812      -0.019420793       0.022793629  H
  2     1       0.053008364      -0.021386307       0.012995243  H
