               -625.7422753364
          0.000003893       0.000002159      -0.000001191
          0.000002159       0.000013675      -0.000001775
         -0.000001191      -0.000001775       0.000014498
           9
  3    77       0.032559298       0.181596565       0.002520567  Ir
  3    77      -0.148327002      -0.052667848       0.023154498  Ir
  1     8      -0.020251011       0.039285040       0.053755290  O
  1     8       0.035841362       0.024108948      -0.057426892  O
  1     8       0.060271061      -0.018993636       0.036719266  O
  1     8       0.047344457      -0.169388304      -0.014575373  O
  1     8       0.144592909      -0.032320815      -0.056943152  O
  2     1      -0.047468919       0.041212709       0.078173675  H
  2     1      -0.106426349      -0.012949141      -0.065906251  H
